20
25
1111111111111111111111111
1000000000000011110000111
1101011101101100110110111
1101000111101110110110111
1111010110000000000000011
1100011010111011011011011
1111011010111011011011011
1100000000001111011000111
1111010110100110001110111
1100010110111011010110111
1101110110111010110000011
1101110010000001010111011
1100000110111011010111011
1101011011011000010001011
1001011000001011110111011
1101011011101000000111011
1101000000101101111100011
1101101011100000000111011
1101101000111111111111001
1111111111111111111111111
